
 line       object           ucode  source program

   1    (35  105    2)     main       proc         105     2     2
   2    (38    2    1)                sym            2     1   100
   3    (38    2  101)                sym            2   101     1
   4    (38    2  102)                sym            2   102     1
   5    (38    2  103)                sym            2   103     1
   6    (38    2  104)                sym            2   104     1
   7    (38    2  105)                sym            2   105     1
   8    (20    1     )                ldc            1
   9    (24    2  103)                str            2   103
  10    (23          )                ldp       
  11    (21    2  101)                lda            2   101
  12    (29   -1     )                call       read
  13    (34          )     $$0        nop       
  14    (19    2  101)                lod            2   101
  15    (20    0     )                ldc            0
  16    (18          )                ne        
  17    (28   30     )                fjp        $$1
  18    (19    2  103)                lod            2   103
  19    (21    2    1)                lda            2     1
  20    ( 6          )                add       
  21    (19    2  101)                lod            2   101
  22    (25          )                sti       
  23    (19    2  103)                lod            2   103
  24    ( 2          )                inc       
  25    (24    2  103)                str            2   103
  26    (23          )                ldp       
  27    (21    2  101)                lda            2   101
  28    (29   -1     )                call       read
  29    (26   13     )                ujp        $$0
  30    (34          )     $$1        nop       
  31    (19    2  103)                lod            2   103
  32    (20    1     )                ldc            1
  33    ( 7          )                sub       
  34    (24    2  102)                str            2   102
  35    (19    2  102)                lod            2   102
  36    (24    2  104)                str            2   104
  37    (34          )     $$2        nop       
  38    (19    2  103)                lod            2   103
  39    (19    2  102)                lod            2   102
  40    (16          )                le        
  41    (28   52     )                fjp        $$3
  42    (23          )                ldp       
  43    (19    2  103)                lod            2   103
  44    (21    2    1)                lda            2     1
  45    ( 6          )                add       
  46    (22          )                ldi       
  47    (29   -2     )                call       write
  48    (19    2  103)                lod            2   103
  49    ( 2          )                inc       
  50    (24    2  103)                str            2   103
  51    (26   37     )                ujp        $$2
  52    (34          )     $$3        nop       
  53    (34          )     $$4        nop       
  54    (19    2  104)                lod            2   104
  55    (20    1     )                ldc            1
  56    (13          )                gt        
  57    (28  109     )                fjp        $$5
  58    (20    1     )                ldc            1
  59    (24    2  103)                str            2   103
  60    (34          )     $$6        nop       
  61    (19    2  103)                lod            2   103
  62    (19    2  104)                lod            2   104
  63    (14          )                lt        
  64    (28  104     )                fjp        $$7
  65    (19    2  103)                lod            2   103
  66    (21    2    1)                lda            2     1
  67    ( 6          )                add       
  68    (22          )                ldi       
  69    (19    2  103)                lod            2   103
  70    (20    1     )                ldc            1
  71    ( 6          )       